0.18366666666666667
0.21366666666666667
0.20133333333333334
0.16666666666666666
0.26966666666666667
0.22433333333333333
0.16066666666666668
0.2623333333333333
0.27066666666666667
0.249
0.20933333333333334
0.2
0.21233333333333335
0.17733333333333334
0.21233333333333335
0.28933333333333333
0.26266666666666666
0.25266666666666665
0.30533333333333335
0.32033333333333336
0.30666666666666664
0.3436666666666667
0.32133333333333336
0.2876666666666667
0.3983333333333333
0.398
0.40166666666666667
0.418
0.32866666666666666
0.385
